# 2020 3 10 2 4 13.044140 50.451314 -112.121631 0.1656 0.000000 0.001324 0.114567 0.000000 1
# 2020 3 10 2 34 6.812140 50.451314 -112.121631 0.1656 0.000000 0.001324 0.114567 0.000000 2
# 2020 3 10 3 43 23.588360 50.451314 -112.121631 0.1656 0.000000 0.001324 0.114567 0.000000 3
# 2020 3 10 3 58 47.756360 50.451314 -112.121631 0.1656 0.000000 0.001324 0.114567 0.000000 4
# 2020 3 10 5 35 3.812800 50.451314 -112.121631 0.1656 0.000000 0.001324 0.114567 0.000000 5
# 2020 3 10 5 39 58.612800 50.451314 -112.121631 0.1656 0.000000 0.001324 0.114567 0.000000 6
# 2020 3 10 5 50 12.524800 50.451314 -112.121631 0.1656 0.000000 0.001324 0.114567 0.000000 7
# 2020 3 10 5 57 28.508800 50.451314 -112.121631 0.1656 0.000000 0.001324 0.114567 0.000000 8
# 2020 3 10 6 9 34.749019 50.451314 -112.121631 0.1656 0.000000 0.001324 0.114567 0.000000 9
# 2020 3 10 6 16 21.469019 50.451314 -112.121631 0.1656 0.000000 0.001324 0.114567 0.000000 10
# 2020 3 10 6 23 4.805019 50.451314 -112.121631 0.1656 0.000000 0.001324 0.114567 0.000000 11
# 2020 3 10 6 42 11.517019 50.451314 -112.121631 0.1656 0.000000 0.001324 0.114567 0.000000 12
# 2020 3 10 6 46 41.693019 50.451314 -112.121631 0.1656 0.000000 0.001324 0.114567 0.000000 13
# 2020 3 10 6 55 57.149019 50.451314 -112.121631 0.1656 0.000000 0.001324 0.114567 0.000000 14
# 2020 3 10 7 13 43.653239 50.451314 -112.121631 0.1656 0.000000 0.001324 0.114567 0.000000 15
# 2020 3 10 7 22 9.045239 50.451314 -112.121631 0.1656 0.000000 0.001324 0.114567 0.000000 16
# 2020 3 10 7 51 11.181239 50.451314 -112.121631 0.1656 0.000000 0.001324 0.114567 0.000000 17
# 2020 3 10 9 50 1.733679 50.451314 -112.121631 0.1656 0.000000 0.001324 0.114567 0.000000 18
# 2020 3 10 9 55 26.141679 50.451314 -112.121631 0.1656 0.000000 0.001324 0.114567 0.000000 19
# 2020 3 10 10 32 31.705898 50.451314 -112.121631 0.1656 0.000000 0.001324 0.114567 0.000000 20
# 2020 3 10 12 35 10.474338 50.451314 -112.121631 0.1656 0.000000 0.001324 0.114567 0.000000 21
# 2020 3 10 13 7 33.874557 50.451314 -112.121631 0.1656 0.000000 0.001324 0.114567 0.000000 22
# 2020 3 10 13 9 40.954557 50.451314 -112.121631 0.1656 0.000000 0.001324 0.114567 0.000000 23
# 2020 3 10 13 49 13.034557 50.451314 -112.121631 0.1656 0.000000 0.001324 0.114567 0.000000 24
# 2020 3 10 22 7 31.756535 50.451314 -112.121631 0.1656 0.000000 0.001324 0.114567 0.000000 25