BH.G24   50.45031 -112.12087   779
BH.G23   50.45031 -112.12087   779
BH.G22   50.45031 -112.12087   779
BH.G21   50.45031 -112.12087   779
BH.G20   50.45031 -112.12087   779
BH.G19   50.45031 -112.12087   779
BH.G18   50.45031 -112.12087   779
BH.G17   50.45031 -112.12087   779
BH.G16   50.45031 -112.12087   779
BH.G15   50.45031 -112.12087   779
BH.G14   50.45031 -112.12087   779
BH.G13   50.45031 -112.12087   779
BH.G12   50.45031 -112.12087   779
BH.G11   50.45031 -112.12087   779
BH.G10   50.45031 -112.12087   779
BH.G9    50.45031 -112.12087   779
BH.G8    50.45031 -112.12087   779
BH.G7    50.45031 -112.12087   779
BH.G6    50.45031 -112.12087   779
BH.G5    50.45031 -112.12087   779
BH.G4    50.45031 -112.12087   779
BH.G3    50.45031 -112.12087   779
BH.G2    50.45031 -112.12087   779
BH.G1    50.45031 -112.12087   779
F0604    50.44909 -112.11854   779
C0407    50.45055 -112.12089   779
C0505    50.45038 -112.12072   779
F0001    50.44631 -112.12693   779
F0901    50.44644 -112.11426   779
F0910    50.45453 -112.11445   779
C0202    50.45010 -112.12117   779
C0209    50.45073 -112.12117   779
F0307    50.45175 -112.12283   779
C0909    50.45074 -112.12019   779
C0902    50.45011 -112.12018   779
C0707    50.45056 -112.12047   779
F0607    50.45179 -112.11861   779
F0203    50.44814 -112.12416   779
F0102    50.44723 -112.12554   779
C0605    50.45038 -112.12061   779
F0809    50.45361 -112.11583   779
F0304    50.44905 -112.12277   779
C0506    50.45047 -112.12077   779
C0606    50.45047 -112.12061   779
C0704    50.45029 -112.12046   779
F0010    50.45441 -112.12712   779
C0404    50.45033 -112.12092   779
F0109    50.45352 -112.12569   779
F0703    50.44821 -112.11712   779
F0802    50.44732 -112.11569   779
F0208    50.45263 -112.12426   779
F0708    50.45270 -112.11722   779
C0303    50.45019 -112.12103   779
C0308    50.45064 -112.12104   779
C0803    50.45020 -112.12033   779
C0808    50.45065 -112.12033   779
F0405    50.44996 -112.12138   779
F0406    50.45086 -112.12140   779
F0505    50.44998 -112.11997   779
F0506    50.45088 -112.12000   779
C0101    50.45001 -112.12131   779
C0103    50.45019 -112.12131   779
CD103    50.45019 -112.12131   779
C0105    50.45038 -112.12131   779
CD105    50.45038 -112.12131   779
C0107    50.45055 -112.12131   779
C0109    50.45073 -112.12132   779
C0301    50.45001 -112.12103   779
C0305    50.45038 -112.12103   779
CD305    50.45038 -112.12103   779
CE305    50.45038 -112.12103   779
C0307    50.45055 -112.12102   779
CD307    50.45055 -112.12102   779
C0309    50.45073 -112.12103   779
C0405    50.45038 -112.12089   779
C0406    50.45047 -112.12089   779
C0501    50.45002 -112.12075   779
C0503    50.45020 -112.12075   779
C0504    50.45029 -112.12077   779
CD506    50.45047 -112.12077   779
C0507    50.45055 -112.12075   779
C0509    50.45073 -112.12075   779
C0701    50.45002 -112.12047   779
C0703    50.45020 -112.12047   779
C0705    50.45038 -112.12047   779
C0709    50.45074 -112.12047   779
C0901    50.45002 -112.12018   779
CD901    50.45002 -112.12018   779
D0101    50.44610 -112.12570   779
D0105    50.44639 -112.12537   779
D0109    50.44668 -112.12504   779
D0111    50.44683 -112.12488   779
D0113    50.44698 -112.12471   779
D0115    50.44712 -112.12455   779
D0117    50.44727 -112.12438   779
DD117    50.44727 -112.12438   779
D0119    50.44741 -112.12422   779
D0121    50.44756 -112.12405   779
D0123    50.44771 -112.12389   779
D0125    50.44785 -112.12373   779
D0127    50.44800 -112.12356   779
D0129    50.44814 -112.12339   779
D0131    50.44829 -112.12323   779
D0133    50.44843 -112.12307   779
D0135    50.44858 -112.12290   779
D0139    50.44887 -112.12257   779
D0141    50.44902 -112.12242   779
D0143    50.44917 -112.12225   779
D0145    50.44931 -112.12208   779
D0147    50.44946 -112.12191   779
D0149    50.44960 -112.12175   779
D0151    50.44975 -112.12159   779
D0153    50.44990 -112.12142   779
D0167    50.45091 -112.12026   779
DD167    50.45091 -112.12026   779
DE167    50.45091 -112.12026   779
D0169    50.45106 -112.12010   779
D0171    50.45120 -112.11993   779
D0173    50.45135 -112.11976   779
D0175    50.45149 -112.11960   779
D0177    50.45164 -112.11943   779
D0179    50.45178 -112.11926   779
D0181    50.45193 -112.11910   779
D0183    50.45207 -112.11894   779
D0185    50.45222 -112.11877   779
D0187    50.45236 -112.11861   779
D0191    50.45266 -112.11828   779
D0193    50.45280 -112.11812   779
D0195    50.45295 -112.11795   779
D0197    50.45309 -112.11779   779
D0199    50.45324 -112.11762   779
D0201    50.45339 -112.11746   779
D0203    50.45353 -112.11730   779
D0205    50.45368 -112.11713   779
D0207    50.45383 -112.11697   779
D0209    50.45397 -112.11680   779
E0110    50.44778 -112.11536   779
ED110    50.44778 -112.11536   779
E0112    50.44789 -112.11558   779
E0114    50.44799 -112.11581   779
E0116    50.44810 -112.11604   779
ED116    50.44810 -112.11604   779
E0120    50.44831 -112.11649   779
E0122    50.44841 -112.11672   779
E0124    50.44852 -112.11694   779
E0126    50.44862 -112.11717   779
ED126    50.44862 -112.11717   779
E0128    50.44872 -112.11740   779
E0132    50.44893 -112.11785   779
E0136    50.44914 -112.11830   779
E0140    50.44935 -112.11876   779
E0142    50.44945 -112.11899   779
E0144    50.44956 -112.11921   779
E0146    50.44966 -112.11944   779
E0148    50.44977 -112.11967   779
E0150    50.44987 -112.11989   779
ED150    50.44987 -112.11989   779
E0164    50.45060 -112.12147   779
E0166    50.45070 -112.12171   779
ED166    50.45070 -112.12171   779
E0168    50.45081 -112.12193   779
E0170    50.45091 -112.12216   779
E0172    50.45102 -112.12238   779
E0174    50.45112 -112.12261   779
E0176    50.45123 -112.12284   779
E0178    50.45133 -112.12307   779
E0180    50.45144 -112.12330   779
E0182    50.45154 -112.12352   779
E0184    50.45165 -112.12375   779
E0186    50.45175 -112.12398   779
E0190    50.45196 -112.12443   779
E0192    50.45206 -112.12466   779
E0194    50.45217 -112.12489   779
E0196    50.45227 -112.12511   779
E0198    50.45238 -112.12534   779
E0200    50.45248 -112.12557   779
E0202    50.45258 -112.12579   779
ED202    50.45258 -112.12579   779
E0204    50.45269 -112.12602   779
E0206    50.45279 -112.12625   779
E0208    50.45290 -112.12647   779
ED208    50.45290 -112.12647   779
F0002    50.44721 -112.12695   779
F0003    50.44811 -112.12697   779
F0004    50.44901 -112.12699   779
F0005    50.44991 -112.12702   779
F0006    50.45081 -112.12704   779
F0007    50.45171 -112.12706   779
FD007    50.45171 -112.12706   779
F0008    50.45261 -112.12708   779
F0009    50.45351 -112.12710   779
F0101    50.44633 -112.12552   779
FD101    50.44633 -112.12552   779
F0103    50.44812 -112.12556   779
F0104    50.44902 -112.12559   779
F0105    50.44992 -112.12561   779
F0106    50.45082 -112.12563   779
F0107    50.45172 -112.12565   779
F0110    50.45442 -112.12571   779
F0201    50.44634 -112.12411   779
F0204    50.44904 -112.12418   779
F0205    50.44994 -112.12420   779
F0206    50.45084 -112.12422   779
FD207    50.45174 -112.12424   779
F0207    50.45174 -112.12424   779
F0209    50.45353 -112.12428   779
F0210    50.45443 -112.12431   779
F0301    50.44635 -112.12271   779
F0302    50.44725 -112.12273   779
F0303    50.44815 -112.12275   779
FD304    50.44905 -112.12277   779
F0305    50.44995 -112.12279   779
F0306    50.45085 -112.12281   779
F0308    50.45265 -112.12285   779
F0309    50.45355 -112.12288   779
F0310    50.45445 -112.12290   779
F0401    50.44637 -112.12130   779
F0402    50.44727 -112.12132   779
F0403    50.44817 -112.12134   779
F0404    50.44906 -112.12136   779
FD406    50.45086 -112.12140   779
F0407    50.45176 -112.12142   779
F0408    50.45266 -112.12145   779
F0409    50.45356 -112.12147   779
F0410    50.45446 -112.12149   779
F0501    50.44638 -112.11989   779
F0502    50.44728 -112.11991   779
F0503    50.44818 -112.11993   779
F0504    50.44908 -112.11995   779
F0507    50.45178 -112.12002   779
F0508    50.45268 -112.12004   779
F0509    50.45357 -112.12006   779
F0510    50.45447 -112.12008   779
F0601    50.44639 -112.11848   779
F0602    50.44729 -112.11850   779
F0603    50.44819 -112.11852   779
FD604    50.44909 -112.11854   779
F0605    50.44999 -112.11857   779
F0606    50.45089 -112.11859   779
FD608    50.45269 -112.11863   779
F0608    50.45269 -112.11863   779
F0609    50.45359 -112.11865   779
F0610    50.45449 -112.11867   779
F0701    50.44641 -112.11707   779
F0702    50.44731 -112.11709   779
F0704    50.44911 -112.11714   779
F0705    50.45000 -112.11716   779
F0706    50.45090 -112.11718   779
F0707    50.45180 -112.11720   779
F0709    50.45360 -112.11724   779
F0710    50.45450 -112.11726   779
F0801    50.44642 -112.11566   779
F0804    50.44912 -112.11573   779
F0805    50.45002 -112.11575   779
F0806    50.45092 -112.11577   779
F0807    50.45182 -112.11579   779
F0808    50.45272 -112.11581   779
F0810    50.45451 -112.11585   779
F0902    50.44733 -112.11428   779
F0903    50.44823 -112.11430   779
F0904    50.44913 -112.11432   779
F0905    50.45003 -112.11434   779
F0906    50.45093 -112.11436   779
F0907    50.45183 -112.11438   779
F0908    50.45273 -112.11440   779
F0909    50.45363 -112.11443   779
D0189    50.45251 -112.11844   779